663
1503 142 389
1441 143 381
1305 144 341
1369 144 351
1177 150 416
1228 151 429
646 159 417
420 157 104
447 157 119
1094 162 364
493 162 198
788 168 344
607 170 226
1335 174 333
1473 175 368
939 190 1245
420 178 123
447 177 121
1173 185 433
1226 185 431
677 188 359
588 190 197
527 196 215
419 198 123
447 198 125
1502 204 388
1366 205 354
1440 206 432
1051 207 354
1304 207 376
830 212 391
569 210 214
1226 217 427
1174 218 421
708 220 430
416 235 148
457 236 160
511 239 168
491 239 152
533 238 120
575 248 170
604 248 168
1264 253 92
879 257 104
435 256 157
1137 257 73
753 260 69
512 267 169
533 267 157
492 268 159
576 270 163
603 269 161
1366 276 376
415 275 157
455 276 152
914 283 327
976 285 346
1048 286 404
781 290 358
576 290 160
604 290 196
663 294 299
712 294 308
1202 314 1231
1473 314 1210
1336 308 363
943 313 319
1078 317 312
491 317 161
811 320 318
525 318 152
415 321 135
435 320 120
455 321 132
608 331 199
1304 338 420
971 343 398
911 344 328
662 345 337
712 346 321
1107 347 361
840 350 367
435 348 139
456 348 122
415 349 125
526 351 156
492 351 134
575 362 187
1007 386 106
1135 385 113
879 385 73
528 394 227
436 412 981
572 406 173
1442 413 440
1494 416 455
781 416 333
842 417 333
1097 418 389
1299 418 338
1037 421 310
1172 424 328
1226 423 339
496 426 229
593 426 167
941 445 1158
685 450 1056
612 444 220
810 445 349
1331 448 327
1494 449 447
1067 449 356
1439 449 439
492 467 193
532 468 155
1173 474 381
1226 473 325
781 474 319
839 476 414
451 473 144
418 475 159
1361 478 360
1493 480 454
1038 480 331
1097 481 358
1439 481 450
611 485 179
578 485 163
513 487 141
493 507 152
417 508 156
451 508 155
529 507 142
879 513 126
1004 514 129
1131 514 141
754 512 90
611 518 161
578 519 158
481 530 37
918 542 413
786 544 406
968 545 408
1441 545 311
500 547 193
1042 553 382
1090 554 369
712 555 323
660 556 377
1223 556 336
1309 558 304
617 557 152
578 558 153
437 570 1024
518 567 211
815 576 386
918 576 407
967 577 419
1472 577 293
597 576 159
538 586 202
617 596 165
577 596 138
1178 600 348
1354 602 307
846 605 365
1091 605 405
1040 606 352
917 608 414
1502 607 362
661 606 303
712 607 332
967 609 424
610 630 204
492 630 150
417 631 138
452 631 148
531 632 178
1003 641 139
1129 642 116
1260 642 96
591 648 198
510 650 150
450 665 150
418 666 150
571 668 200
490 671 155
530 671 152
1170 678 442
652 679 385
1353 680 432
701 679 363
778 681 444
1220 681 452
1304 682 431
809 683 427
839 684 426
1432 685 422
1487 685 401
1552 689 36
938 708 1296
1069 712 1254
532 706 151
493 707 157
1168 713 453
1220 713 459
575 710 208
415 713 217
1531 712 55
1554 712 69
775 732 445
808 732 447
513 728 158
841 733 426
649 732 336
701 733 357
1355 734 407
433 732 221
1303 735 433
1536 730 115
1434 739 415
1486 740 459
1220 744 462
1168 745 454
606 743 222
492 746 180
531 747 151
451 751 214
744 764 45
1130 769 97
1260 769 93
1534 780 32
646 786 174
713 783 59
815 783 30
832 783 36
1249 786 69
1270 787 68
773 786 36
856 787 46
881 787 49
929 786 30
967 794 383
1367 786 31
666 788 43
689 788 53
1102 788 41
1198 788 47
1323 787 30
588 804 1094
448 794 160
1017 798 349
1054 790 41
1076 791 53
1515 790 30
417 795 168
1407 800 387
815 795 32
832 795 43
512 811 1097
1162 796 35
929 799 32
1367 799 35
1308 799 33
734 803 45
773 802 40
1498 802 32
786 804 43
1536 805 62
1559 806 64
858 808 66
1121 809 52
1148 809 45
1173 808 32
1220 810 60
667 810 38
882 810 56
1246 810 50
1270 811 80
1470 810 49
689 811 51
1055 811 56
1076 811 53
1295 810 34
1322 810 34
1351 812 33
1368 812 35
1498 815 34
1516 815 30
644 824 200
448 829 155
416 830 137
1536 827 43
1558 830 56
729 842 385
781 834 53
813 833 43
839 833 34
769 834 32
1270 835 54
1198 835 30
666 837 59
688 837 67
794 836 32
1470 838 63
1120 838 63
1346 838 44
975 840 69
1369 838 45
1499 839 52
1073 841 71
1159 846 367
930 842 47
1017 849 371
1307 849 416
873 852 374
1259 847 50
767 850 33
779 851 37
1063 853 64
791 854 47
837 855 46
1537 855 32
1556 857 68
813 856 33
687 859 68
954 859 64
1246 859 59
1100 859 66
1199 859 36
666 860 51
1370 861 74
1449 861 69
1522 861 71
649 866 212
909 861 63
1347 862 72
1399 860 32
1411 860 30
1051 863 53
498 867 144
526 867 142
602 869 212
421 868 133
449 868 132
1558 879 76
1123 884 77
498 887 149
1269 884 40
526 888 156
1173 885 41
1252 884 34
422 888 131
1527 885 37
450 889 136
814 887 43
910 888 67
1506 887 46
838 888 39
931 888 63
737 888 34
790 890 65
886 889 66
1295 890 66
1367 888 37
1471 889 37
963 890 45
681 898 404
979 891 41
1077 891 55
1445 890 33
1210 899 396
1415 892 34
1005 894 32
1029 894 35
1016 894 31
571 902 206
1253 897 34
1269 896 42
1159 897 40
825 898 36
721 900 46
1517 900 33
737 901 41
1309 901 52
875 902 33
979 902 45
1458 902 37
963 903 39
1068 904 46
1399 903 41
498 908 152
1415 904 31
421 908 141
450 909 146
526 909 146
1559 907 59
1100 908 46
1270 908 37
1348 910 71
813 910 44
932 911 68
1147 910 40
1172 910 37
767 911 44
836 911 39
909 912 65
1016 910 36
1029 910 35
722 913 44
737 912 43
862 913 56
1505 913 39
1529 912 40
1322 915 60
962 915 38
1054 915 59
1446 915 46
1472 914 44
1397 916 52
1415 918 40
1537 927 59
1647 953 119
