91
966 172 1 1 
583 175 1 1 
500 177 1 1 
1445 237 1 1 
1364 245 1 1 
490 259 1 1 
871 345 2 1 
1002 348 2 1 
1525 484 1 1 
1261 606 2 1 
1000 610 2 1 
1527 647 1 1 
483 737 2 1 
743 740 2 1 
1003 867 2 1 
421.5 157 0 2 
1365 163.5 1 2 
890.5 169.5 1 2 
1281.5 168 1 2 
583.5 253.5 1 2 
1360.5 325 1 2 
1445.5 649 1 2 
1361.5 714 1 2 
1449 886 1 2 
616 477.5 2 2 
742 478.5 2 2 
1134 868.5 2 2 
869.5 870 2 2 
816 170 1 3 
891 254 1 3 
1527 314 1 3 
1360 405 1 3 
1438 488 1 3 
1359 632 1 3 
1367 875 1 3 
1126 479 2 3 
483 482 2 3 
616 608 2 3 
1131 737 2 3 
864 738 2 3 
612 744 2 3 
1271 872 2 3 
417 207 0 4 
414.5 264 0 4 
1205 169 1 4 
732 172.5 1 4 
1528 231.5 1 4 
810.5 247 1 4 
739.5 247 1 4 
967 249 1 4 
659.5 257 1 4 
1526 404.5 1 4 
1258 473.5 2 4 
1358 555 1 4 
1527.5 565 1 4 
1450 727 1 4 
1267.5 345.5 2 4 
494.5 350.5 2 4 
618.5 352.5 2 4 
873.5 478 2 4 
743.5 606.5 2 4 
1257.5 738.5 2 4 
1282 247 1 5 
1047 250 1 5 
1445 322 1 5 
1445 402 1 5 
1355 479 1 5 
1444 569 1 5 
1529 807 1 5 
874 607 2 5 
1132 611 2 5 
998 743 2 5 
483 872 2 5 
614 875 2 5 
429 407 0 5 
1524 152 1 6 
1044 170 1 6 
1443.5 157 1 6 
1122.5 169 1 6 
660 176 1 6 
1123 251 1 6 
1202 246 1 6 
1527 727.5 1 6 
1364.5 793 1 6 
1446 810.5 1 6 
1531.5 886 1 6 
1132 346 2 6 
747.5 344 2 6 
997.5 479 2 6 
487.5 606 2 6 
745 867 2 6 
