54
0 40 40 2 1 
0 40 120 2 2 
0 40 200 2 3 
0 40 280 2 4 
0 40 360 2 5 
0 40 440 2 6 
90 120 40 2 1 
90 120 120 2 2 
90 120 200 2 3 
90 120 280 2 4 
90 120 360 2 5 
90 120 440 2 6 
180 200 40 2 1 
180 200 120 2 2 
180 200 200 2 3 
180 200 280 2 4 
180 200 360 2 5 
180 200 440 2 6 
270 280 40 2 1 
270 280 120 2 2 
270 280 200 2 3 
270 280 280 2 4 
270 280 360 2 5 
270 280 440 2 6 
360 360 40 2 1 
360 360 120 2 2 
360 360 200 2 3 
360 360 280 2 4 
360 360 360 2 5 
360 360 440 2 6 
450 440 40 2 1 
450 440 120 2 2 
450 440 200 2 3 
450 440 280 2 4 
450 440 360 2 5 
450 440 440 2 6 
540 520 40 2 1 
540 520 120 2 2 
540 520 200 2 3 
540 520 280 2 4 
540 520 360 2 5 
540 520 440 2 6 
630 600 40 2 1 
630 600 120 2 2 
630 600 200 2 3 
630 600 280 2 4 
630 600 360 2 5 
630 600 440 2 6 
720 680 40 2 1 
720 680 120 2 2 
720 680 200 2 3 
720 680 280 2 4 
720 680 360 2 5 
720 680 440 2 6 
