36
1247 354 0 1 
1257 477 0 1 
1286 555 0 1 
1188 605 0 1 
1430 666 0 1 
1039 675 0 1 
512 700 0 1 
1267 729 0 1 
732 752 0 1 
1336 754 0 1 
1005 777 0 1 
615 794 0 1 
1126 805 0 1 
899 161 2 2 
642 156.5 2 4 
376.5 158.5 2 4 
504.5 158.5 2 4 
768 161 2 4 
1033.5 162.5 2 4 
505.5 288 2 4 
1028 286 2 4 
641 286.5 2 4 
772 290 2 4 
380 292.5 2 4 
894 292 2 4 
642.5 415.5 2 4 
894 417 2 4 
507 419.5 2 4 
373.5 425 2 4 
1025 419.5 2 4 
770 425.5 2 4 
504.5 549 2 4 
765 547 2 4 
638 546.5 2 4 
898.5 549.5 2 4 
380 554.5 2 4 
